1, 89; 
2, 90; 
3, 77; 
4, 49; 
5, 33; 
6, 35; 
7, 9;  
8, 65; 
9, 66; 
10, 91; 
11, 92; 
12, 78; 
13, 50; 
14, 34; 
15, 36; 
16, 10; 
17, 67; 
18, 68; 
19, 19; 
20, 18; 
21, 79; 
22, 51; 
23, 54; 
24, 40; 
25, 11; 
26, 72; 
27, 70; 
28, 20; 
29, 17; 
30, 80; 
31, 52; 
32, 53; 
33, 39; 
34, 12; 
35, 71; 
36, 69; 
37, 13; 
38, 15; 
39, 5; 
40, 56; 
41, 55; 
42, 38; 
43, 37; 
44, 26; 
45, 27; 
46, 14; 
47, 16; 
48, 73; 
49, 2; 
50, 4; 
51, 62; 
52, 64; 
53, 25; 
54, 28; 
55, 59; 
56, 58; 
57, 74; 
58, 1; 
59, 3; 
60, 61; 
61, 63; 
62, 22; 
63, 24; 
64, 60; 
65, 57; 
66, 44; 
67, 32; 
68, 46; 
69, 47; 
70, 81; 
71, 21; 
72, 23; 
73, 41; 
74, 42; 
75, 43; 
76, 30; 
77, 48; 
78, 45; 
79, 82; 
80, 83; 
81, 84; 
100, 100;
101, 101;
102, 102;
103, 103;

